00100000001100000000000000000010
00011100001000000000000000000000
00011100010000000000000000000010
00000000001000100000000000011010
00100000011000110000000000000010
10101100011000110000000000000000
00100000001000011111111111111111
00101100001000101111111111111100
00011100001000000000000000000000
00011100010000000000000000000010
00000000001000100001100000010010
00001100100000010000000011111111
00000000001000100010100000011101
00000000001000100010100000011110
00010000111000011111000011110000
10101100011000000000000000000100
00100100001000100000000000000001
11111111111111111111111111111111
00101000010000010000000000000011
00101100001000100000000000000001
11111111111111111111111111111111
00110000000000000000000000000011
11111111111111111111111111111111
11111111111111111111111111111111
00000000001000100100000000100000
00000000001000100100100001010000
00000000001000100101000010010001
00000000001000100101100011010101
00000000001000100110000100010110
00100000110000000000000000000001
00100000101000000000000000000000
00011100100000000000000000010100
00100000001001000000000000000000
00100000011000000000000000000000
00000000100001010001000000010110
00100000101001010000000000000001
11111111111111111111111111111111
00100000010000101111111111111111
00101100010001101111111111111101
00100000001000110000000000000000
00101000001000011111111111110110 